1
3
13
0.832422 0.018553 -0.048499 0.025796 -0.019418 -0.022274 -0.004787 -0.007988 -0.007443 0.007711 0.025128 -0.031636 -0.052926 
0.247572 0.937342 0.017403 0.035113 -0.016288 0.023480 0.022413 0.022204 0.023817 -0.032686 0.001437 0.044841 0.020292 
-0.113682 0.009766 0.918954 -0.005395 0.019722 -0.001186 -0.027742 -0.006860 0.038525 -0.049601 -0.003513 0.020188 -0.036054 
0.028126 -0.011722 -0.006649 0.974490 0.007898 -0.064669 0.045163 -0.117102 0.048787 -0.030956 0.022077 0.012123 -0.025031 
-0.162351 0.017935 0.012264 -0.061573 0.922870 -0.007684 -0.091642 0.026069 -0.036834 0.087029 -0.068291 0.031693 -0.022179 
-0.024716 -0.102297 0.029781 -0.030041 -0.042642 0.911054 0.000188 -0.027763 0.060551 -0.021095 0.047703 -0.033899 -0.073700 
-0.069923 -0.010513 -0.101127 0.095236 -0.002037 0.018640 0.859064 0.100671 -0.059064 0.074756 -0.083647 0.053279 0.007123 
0.188013 -0.028747 0.089724 -0.160213 0.044607 -0.012991 0.028003 0.946307 0.057170 0.018230 -0.001800 -0.081840 0.036057 
-0.124391 0.018073 -0.011083 0.053810 0.041055 0.068210 0.041790 -0.029036 1.008808 -0.057970 -0.050457 0.052762 -0.229712 
0.061787 -0.047077 0.008336 0.066696 0.032746 -0.026827 0.011846 0.046821 -0.081569 0.944870 -0.008309 0.042870 -0.025758 
-0.017662 -0.004513 -0.028512 -0.122148 -0.001662 0.084278 0.029775 0.025717 0.041690 0.019599 0.865537 0.043253 -0.025563 
-0.030442 0.045483 0.033633 0.057045 0.006495 0.017166 -0.020978 -0.029800 -0.014818 0.013785 -0.025180 0.914425 0.034297 
-0.016010 0.009925 -0.003289 0.025670 -0.079989 -0.011456 0.020606 0.092803 -0.076010 0.080451 -0.063844 0.037080 0.901988 
1.850519 2.342075 -0.146658 0.192387 -0.984864 -0.349499 -0.170308 0.039478 -0.044572 0.100648 0.040976 -0.301986 0.013769 
1.0 1.0 1.0 1.0 1.0 1.0 1.0 1.0 1.0 1.0 1.0 1.0 1.0 
13
0.939831 0.033306 -0.011401 0.004057 -0.009442 0.001161 -0.004054 0.017327 -0.016397 0.011958 -0.001025 0.006631 -0.009583 
0.208763 0.968618 0.018918 -0.004294 0.007962 0.000586 0.006071 0.002859 0.013533 -0.015250 -0.004570 0.042319 -0.006043 
-0.065289 0.035103 0.999737 -0.000190 0.031254 -0.003933 0.019532 -0.039458 0.019380 -0.009866 0.005633 0.018435 -0.009872 
0.032614 0.023112 -0.040239 1.023128 0.005677 -0.053438 0.084012 -0.081668 0.048315 -0.032915 0.036278 -0.036994 0.023928 
-0.066736 0.052101 0.003076 -0.046100 0.963275 0.033012 -0.039492 0.015458 0.021681 0.024599 -0.053462 0.028426 -0.025545 
-0.026901 -0.123235 0.008124 -0.020498 0.026048 0.993635 0.046837 -0.062512 0.066141 -0.045067 0.059666 -0.059395 0.016830 
-0.065160 0.010958 -0.072794 0.100596 -0.010649 0.018068 0.953903 0.101748 -0.093035 0.065967 -0.014228 -0.018638 0.039916 
0.133952 -0.024322 0.052231 -0.136817 0.029488 0.000608 0.001391 1.094724 -0.036628 0.030764 -0.020208 -0.042593 0.080697 
-0.134286 -0.002107 -0.033861 0.058611 0.074898 0.031552 0.062942 -0.076817 1.082699 -0.052831 0.021508 0.029880 -0.084282 
0.067397 -0.043702 0.035798 0.055530 -0.002292 -0.007193 -0.029248 0.056848 -0.057747 1.005451 0.031260 0.018732 -0.011300 
-0.086646 -0.012639 -0.006520 -0.135163 -0.025352 0.066166 -0.034378 0.028396 -0.003180 0.045992 0.931977 0.062781 -0.033632 
-0.005576 0.075689 -0.009824 0.055050 0.001657 -0.024874 0.011429 -0.024030 0.013414 -0.006908 0.024227 0.971933 0.038051 
-0.063185 -0.005569 0.037265 0.013209 -0.084013 0.013292 -0.033124 0.096691 -0.088069 0.078353 -0.079654 0.093196 0.902346 
0.095392 0.133908 -0.005166 0.079670 0.128767 0.110744 -0.139229 -0.030446 0.106416 0.061973 -0.075807 -0.019399 -0.001757 
1.0 1.0 1.0 1.0 1.0 1.0 1.0 1.0 1.0 1.0 1.0 1.0 1.0 
13
0.989253 0.033229 -0.012818 0.001342 0.000969 -0.000075 -0.008644 0.011738 -0.011495 0.006183 -0.004907 0.011140 -0.013656 
0.205348 0.990186 0.024018 -0.011369 0.015283 -0.023382 0.002255 0.002365 0.001499 -0.004028 -0.002580 0.014730 0.000605 
-0.070482 0.047931 1.047649 -0.023255 0.018332 0.009428 0.012583 -0.035068 0.027073 -0.020717 0.013942 -0.003170 0.007935 
-0.027093 0.037366 -0.050900 1.091763 -0.014341 -0.018224 0.037108 -0.029692 0.015834 0.002009 -0.013283 0.013654 -0.010576 
-0.029573 0.045974 0.011200 -0.007397 1.018789 0.014357 -0.029012 0.008357 0.024959 -0.002014 -0.007284 0.014425 -0.006710 
-0.048445 -0.096899 0.009674 -0.022495 0.022688 1.049564 0.013184 -0.025682 0.042890 -0.031162 0.037442 -0.021521 -0.009752 
-0.040626 -0.002590 -0.064689 0.081038 0.001510 0.015360 1.011610 0.048900 -0.053217 0.028233 -0.004838 -0.009008 0.014328 
0.154661 -0.041579 0.028570 -0.126030 0.049982 -0.017958 0.015391 1.059228 -0.015481 0.005219 -0.000872 -0.019167 0.025293 
-0.112389 0.034102 -0.020168 0.033939 0.040241 0.021342 0.020051 -0.036672 1.066801 -0.034181 0.001752 0.019733 -0.050388 
0.100693 -0.028654 0.046904 0.020629 0.009485 -0.030620 0.026598 0.008486 -0.025200 1.018333 0.038026 -0.005439 0.002302 
-0.112278 -0.028095 -0.014325 -0.097361 -0.002977 0.044467 -0.029625 0.029703 -0.012109 0.028999 0.985876 0.037276 -0.021376 
0.033121 0.082588 -0.029960 0.041616 -0.004124 -0.010059 0.012620 -0.010521 0.010986 0.008119 0.010740 1.008773 0.020731 
-0.099220 -0.036047 0.032095 -0.014426 -0.041304 0.008444 -0.008502 0.055343 -0.053600 0.040563 -0.024297 0.028741 0.982745 
0.016612 -0.246147 -0.010675 -0.057785 0.078461 0.027764 0.063620 0.074929 -0.023312 -0.045604 0.032562 -0.015226 -0.088654 
1.0 1.0 1.0 1.0 1.0 1.0 1.0 1.0 1.0 1.0 1.0 1.0 1.0 
